42
7
88
15
63
99
4
23
67
51
12
38
94
76
35
18
2
80
29
61
5
72
20
48
14
54
96
34
90
10
81
47
1
37
69
28
55
13
83
19
46
64
25
92
17
36
85
41
0
71
21
30
78
56
3
9
87
26
50
33
65
11
22
98
16
45
31
75
60
6
79
43
73
24
97
40
8
32
53
59
44
84
27
70
39
62
91
49
82
58
66
52
95
74
86
68
93
57
89
77
20
5
11
9
35
3
48
66
14
36
50
1
21
81
29
72
7
63
34
2
26
19
39
4
12
61
28
32
83
24
30
15
0
71
16
23
60
54
38
46
17
52
55
79
44
6
13
27
31
22
51
64
40
8
37
41
25
10
33
47
18
56
42
65
74
49
59
67
73
20
85
36
9
45
48
77
68
3
5
92
62
78
43
80
86
57
50
84
11
39
53
90
1
35
16
32
75
24
6
14
82
4
70
26
21
38
72
55
87
2
61
44
19
33
8
12
29
41
63
31
69
0
51
9
23
17
47
60
66
28
36
39
10
7
76
52
37
5
46
15
58
64
22
74
27
34
40
30
48
79
73
56
84
18
65
13
91
49
25
3
88
20
7
68
42
35
53
1
83
71
32
6
59
14
45
38
54
24
78
9
11
61
76
2
50
33
81
19
62
26
16
87
43
36
21
80
4
39
17
44
75
0
23
55
12
70
